3.141592653589793394e-02 1.339261689260152766e-01 -5.659973632913951717e-04
9.424777960769378793e-02 1.339069520616173736e-01 -1.697746329573354262e-03
1.570796326794896558e-01 1.338685351572966586e-01 -2.828758376492117223e-03
2.199114857512855237e-01 1.338109518246039242e-01 -3.958543428469693884e-03
2.827433388230813915e-01 1.337342523875238443e-01 -5.086613211963168617e-03
3.455751918948772317e-01 1.336385037709049428e-01 -6.212481968378629621e-03
4.084070449666731273e-01 1.335237893524284514e-01 -7.335667159136521377e-03
4.712388980384689119e-01 1.333902087787353363e-01 -8.455690160719108242e-03
5.340707511102649185e-01 1.332378777464761910e-01 -9.572076947584733445e-03
5.969026041820606476e-01 1.330669277491918212e-01 -1.068435876089861639e-02
6.597344572538565988e-01 1.328775057910661084e-01 -1.179207276110564619e-02
7.225663103256523279e-01 1.326697740687230176e-01 -1.289476266245596220e-02
7.853981633974482790e-01 1.324439096223588019e-01 -1.399197934768918287e-02
8.482300164692441191e-01 1.322001039576140291e-01 -1.508328146118602907e-02
9.110618695410400703e-01 1.319385626396928912e-01 -1.616823597900726717e-02
9.738937226128357993e-01 1.316595048613306285e-01 -1.724641875435728791e-02
1.036725575684631862e+00 1.313631629862939132e-01 -1.831741503713334510e-02
1.099557428756427591e+00 1.310497820701719829e-01 -1.938081996634971604e-02
1.162389281828223542e+00 1.307196193602786494e-01 -2.043623903435867056e-02
1.225221134900019271e+00 1.303729437765364652e-01 -2.148328852192523883e-02
1.288052987971815000e+00 1.300100353752559890e-01 -2.252159590335049699e-02
1.350884841043610951e+00 1.296311847977506260e-01 -2.355080022097635201e-02
1.413716694115406902e+00 1.292366927057483350e-01 -2.457055242854351909e-02
1.476548547187202853e+00 1.288268692055677123e-01 -2.558051570301225416e-02
1.539380400258998582e+00 1.284020332630241568e-01 -2.658036572459149954e-02
1.602212253330794534e+00 1.279625121110193331e-01 -2.756979092485587965e-02
1.665044106402590485e+00 1.275086406517443594e-01 -2.854849270296022298e-02
1.727875959474386214e+00 1.270407608553958401e-01 -2.951618561008786945e-02
1.790707812546181943e+00 1.265592211572633963e-01 -3.047259750239055681e-02
1.853539665617977894e+00 1.260643758549993554e-01 -3.141746966279406611e-02
1.916371518689773845e+00 1.255565845078244480e-01 -3.235055689215440150e-02
1.979203371761569796e+00 1.250362113393616303e-01 -3.327162757035356799e-02
2.042035224833365525e+00 1.245036246457200263e-01 -3.418046368802120372e-02
2.104867077905161477e+00 1.239591962103768485e-01 -3.507686084965917772e-02
2.167698930976957428e+00 1.234033007273262622e-01 -3.596062824902889615e-02
2.230530784048753379e+00 1.228363152338793202e-01 -3.683158861773708909e-02
2.293362637120548886e+00 1.222586185544136117e-01 -3.768957814802325473e-02
2.356194490192344837e+00 1.216705907562802974e-01 -3.853444639081261835e-02
2.419026343264140788e+00 1.210726126189853313e-01 -3.936605613015042165e-02
2.481858196335936739e+00 1.204650651176681353e-01 -4.018428323517858614e-02
2.544690049407732246e+00 1.198483289218068987e-01 -4.098901649085252147e-02
2.607521902479528642e+00 1.192227839099860021e-01 -4.178015740862606187e-02
2.670353755551324149e+00 1.185888087014672909e-01 -4.255762001835462771e-02
2.733185608623119656e+00 1.179467802052135278e-01 -4.332133064268281486e-02
2.796017461694916051e+00 1.172970731869222155e-01 -4.407122765519093377e-02
2.858849314766711558e+00 1.166400598545375006e-01 -4.480726122357803209e-02
2.921681167838507509e+00 1.159761094626212408e-01 -4.552939303915512492e-02
2.984513020910303460e+00 1.153055879358799163e-01 -4.623759603391325995e-02
3.047344873982099411e+00 1.146288575120624764e-01 -4.693185408641651485e-02
3.110176727053895362e+00 1.139462764043661924e-01 -4.761216171775056738e-02
3.173008580125690870e+00 1.132581984834130223e-01 -4.827852377873370626e-02
3.235840433197486821e+00 1.125649729787881331e-01 -4.893095512956882609e-02
3.298672286269282772e+00 1.118669442000654324e-01 -4.956948031308351654e-02
3.361504139341078723e+00 1.111644512771821081e-01 -5.019413322267015504e-02
3.424335992412874230e+00 1.104578279199654178e-01 -5.080495676599994237e-02
3.487167845484670625e+00 1.097474021965605673e-01 -5.140200252554455451e-02
3.549999698556466132e+00 1.090334963304584043e-01 -5.198533041689625683e-02
3.612831551628262527e+00 1.083164265157751383e-01 -5.255500834583336917e-02
3.675663404700058035e+00 1.075965027503954785e-01 -5.311111186503168768e-02
3.738495257771853542e+00 1.068740286865514921e-01 -5.365372383127636063e-02
3.801327110843649937e+00 1.061493014983773270e-01 -5.418293406398039941e-02
3.864158963915445444e+00 1.054226117659494144e-01 -5.469883900576853752e-02
3.926990816987240951e+00 1.046942433752958701e-01 -5.520154138583687614e-02
3.989822670059037346e+00 1.039644734338377036e-01 -5.569114988675017558e-02
4.052654523130833297e+00 1.032335722007047124e-01 -5.616777881529160660e-02
4.115486376202628804e+00 1.025018030313546297e-01 -5.663154777793192457e-02
4.178318229274425200e+00 1.017694223359121991e-01 -5.708258136143879585e-02
4.241150082346220707e+00 1.010366795506355553e-01 -5.752100881910137548e-02
4.303981935418017102e+00 1.003038171219120672e-01 -5.794696376300080554e-02
4.366813788489812609e+00 9.957107050218226563e-02 -5.836058386271386622e-02
4.429645641561608116e+00 9.883866815718993226e-02 -5.876201055079520452e-02
4.492477494633404511e+00 9.810683158395804015e-02 -5.915138873534308422e-02
4.555309347705200018e+00 9.737577533889459069e-02 -5.952886651991447925e-02
4.618141200776996413e+00 9.664570707543765349e-02 -5.989459493101825099e-02
4.680973053848791920e+00 9.591682759065707498e-02 -6.024872765337913744e-02
4.743804906920587428e+00 9.518933088023956435e-02 -6.059142077313155877e-02
4.806636759992383823e+00 9.446340420129450965e-02 -6.092283252906981889e-02
4.869468613064179330e+00 9.373922814243049184e-02 -6.124312307205077854e-02
4.932300466135974837e+00 9.301697670056491285e-02 -6.155245423261643950e-02
4.995132319207771232e+00 9.229681736394461378e-02 -6.185098929687665031e-02
5.057964172279566739e+00 9.157891120086941728e-02 -6.213889279066702603e-02
5.120796025351362246e+00 9.086341295362715398e-02 -6.241633027197353301e-02
5.183627878423157753e+00 9.015047113716492810e-02 -6.268346813159329789e-02
5.246459731494955037e+00 8.944022814203861360e-02 -6.294047340198093143e-02
5.309291584566750544e+00 8.873282034119969741e-02 -6.318751357421101278e-02
5.372123437638546051e+00 8.802837820019623893e-02 -6.342475642297049077e-02
5.434955290710341558e+00 8.732702639038283920e-02 -6.365236983947869520e-02
5.497787143782137065e+00 8.662888390475227685e-02 -6.387052167221907162e-02
5.560618996853934348e+00 8.593406417601898162e-02 -6.407937957535371487e-02
5.623450849925729855e+00 8.524267519660318204e-02 -6.427911086468036939e-02
5.686282702997525362e+00 8.455481964018145280e-02 -6.446988238098169677e-02
5.749114556069320869e+00 8.387059498448738715e-02 -6.465186036060736885e-02
5.811946409141117265e+00 8.319009363506341126e-02 -6.482521031312200865e-02
5.874778262212913660e+00 8.251340304968128592e-02 -6.499009690584547916e-02
5.937610115284709167e+00 8.184060586316586894e-02 -6.514668385510606619e-02
6.000441968356504674e+00 8.117178001237286555e-02 -6.529513382402261923e-02
6.063273821428300181e+00 8.050699886108697578e-02 -6.543560832662816129e-02
6.126105674500096576e+00 7.984633132462230776e-02 -6.556826763814417591e-02
6.188937527571892083e+00 7.918984199392206658e-02 -6.569327071121300321e-02
6.251769380643688478e+00 7.853759125896829507e-02 -6.581077509789448610e-02
6.314601233715483986e+00 7.788963543132751410e-02 -6.592093687723170337e-02
6.377433086787280381e+00 7.724602686567012821e-02 -6.602391058819156999e-02
6.440264939859075888e+00 7.660681408011586757e-02 -6.611984916778561316e-02
6.503096792930871395e+00 7.597204187526857000e-02 -6.620890389417788402e-02
6.565928646002667790e+00 7.534175145181652711e-02 -6.629122433458838060e-02
6.628760499074463297e+00 7.471598052658541544e-02 -6.636695829780211997e-02
6.691592352146259692e+00 7.409476344694167216e-02 -6.643625179109656498e-02
6.754424205218055199e+00 7.347813130345494381e-02 -6.649924898140277540e-02
6.817256058289850706e+00 7.286611204073732695e-02 -6.655609216051849852e-02
6.880087911361647102e+00 7.225873056638727754e-02 -6.660692171419504981e-02
6.942919764433443497e+00 7.165600885797397679e-02 -6.665187609492297105e-02
7.005751617505239004e+00 7.105796606800708626e-02 -6.669109179824556088e-02
7.068583470577034511e+00 7.046461862684412492e-02 -6.672470334243313372e-02
7.131415323648830018e+00 6.987598034349545850e-02 -6.675284325135477648e-02
7.194247176720625525e+00 6.929206250429366387e-02 -6.677564204038917428e-02
7.257079029792422808e+00 6.871287396940048420e-02 -6.679322820521954585e-02
7.319910882864218316e+00 6.813842126713125225e-02 -6.680572821336293321e-02
7.382742735936013823e+00 6.756870868608134961e-02 -6.681326649828797648e-02
7.445574589007809330e+00 6.700373836504587566e-02 -6.681596545598010584e-02
7.508406442079604837e+00 6.644351038072755788e-02 -6.681394544381757949e-02
7.571238295151402120e+00 6.588802283323309805e-02 -6.680732478162601518e-02
7.634070148223197627e+00 6.533727192936247818e-02 -6.679621975478416962e-02
7.696902001294993134e+00 6.479125206369917844e-02 -6.678074461925753713e-02
7.759733854366788641e+00 6.424995589751344993e-02 -6.676101160844143123e-02
7.822565707438584148e+00 6.371337443549392188e-02 -6.673713094169907156e-02
7.885397560510381432e+00 6.318149710032544553e-02 -6.670921083448504152e-02
7.948229413582176939e+00 6.265431180513475473e-02 -6.667735750994852051e-02
8.011061266653973334e+00 6.213180502382692483e-02 -6.664167521191496912e-02
8.073893119725768841e+00 6.161396185933899067e-02 -6.660226621914906719e-02
8.136724972797564348e+00 6.110076610983829898e-02 -6.655923086080610396e-02
8.199556825869359855e+00 6.059220033289539759e-02 -6.651266753298236412e-02
8.262388678941157139e+00 6.008824590766288082e-02 -6.646267271627964712e-02
8.325220532012952646e+00 5.958888309509298431e-02 -6.640934099430251258e-02
8.388052385084748153e+00 5.909409109622786732e-02 -6.635276507301034188e-02
8.450884238156543660e+00 5.860384810859789462e-02 -6.629303580085053882e-02
8.513716091228339167e+00 5.811813138076402097e-02 -6.623024218960202325e-02
8.576547944300136450e+00 5.763691726504098500e-02 -6.616447143586201562e-02
8.639379797371931957e+00 5.716018126843903924e-02 -6.609580894311219146e-02
8.702211650443727464e+00 5.668789810186221356e-02 -6.602433834430362913e-02
8.765043503515522971e+00 5.622004172760149132e-02 -6.595014152490286108e-02
8.827875356587318478e+00 5.575658540516181816e-02 -6.587329864634462739e-02
8.890707209659115762e+00 5.529750173546175290e-02 -6.579388816983938737e-02
8.953539062730911269e+00 5.484276270344494442e-02 -6.571198688048685010e-02
9.016370915802706776e+00 5.439233971914223670e-02 -6.562766991164929731e-02
9.079202768874502283e+00 5.394620365722379435e-02 -6.554101076954080285e-02
9.142034621946297790e+00 5.350432489507967598e-02 -6.545208135799140958e-02
9.204866475018093297e+00 5.306667334946778281e-02 -6.536095200334733624e-02
9.267698328089890580e+00 5.263321851176736010e-02 -6.526769147947068805e-02
9.330530181161686087e+00 5.220392948187625032e-02 -6.517236703280432364e-02
9.393362034233481594e+00 5.177877500078931911e-02 -6.507504440746976482e-02
9.456193887305277102e+00 5.135772348189552444e-02 -6.497578787036782655e-02
9.519025740377072609e+00 5.094074304103023143e-02 -6.487466023625361455e-02
9.581857593448869892e+00 5.052780152531907709e-02 -6.477172289275973105e-02
9.644689446520665399e+00 5.011886654084916209e-02 -6.466703582534266692e-02
9.707521299592460906e+00 4.971390547920257613e-02 -6.456065764212959301e-02
9.770353152664256413e+00 4.931288554288702081e-02 -6.445264559864410936e-02
9.833185005736051920e+00 4.891577376969736407e-02 -6.434305562239103771e-02
9.896016858807849204e+00 4.852253705604148148e-02 -6.423194233728195257e-02
9.958848711879644711e+00 4.813314217926314975e-02 -6.411935908788429783e-02
1.002168056495144022e+01 4.774755581899379347e-02 -6.400535796347849027e-02
1.008451241802323572e+01 4.736574457756475426e-02 -6.388998982190852161e-02
1.014734427109503123e+01 4.698767499951059939e-02 -6.377330431321281967e-02
1.021017612416682674e+01 4.661331359019338372e-02 -6.365534990302321172e-02
1.027300797723862402e+01 4.624262683357736881e-02 -6.353617389572104035e-02
1.033583983031041953e+01 4.587558120918271143e-02 -6.341582245734021794e-02
1.039867168338221504e+01 4.551214320824602949e-02 -6.329434063820835177e-02
1.046150353645401054e+01 4.515227934911515695e-02 -6.317177239531754362e-02
1.052433538952580605e+01 4.479595619190461508e-02 -6.304816061441791131e-02
1.058716724259760156e+01 4.444314035243769612e-02 -6.292354713182690684e-02
1.064999909566939706e+01 4.409379851550027096e-02 -6.279797275594910244e-02
1.071283094874119257e+01 4.374789744743088488e-02 -6.267147728850117061e-02
1.077566280181299163e+01 4.340540400807108012e-02 -6.254409954543799222e-02
1.083849465488478714e+01 4.306628516209901752e-02 -6.241587737757590265e-02
1.090132650795658265e+01 4.273050798976885112e-02 -6.228684769091037687e-02
1.096415836102837815e+01 4.239803969707808123e-02 -6.215704646662534999e-02
1.102699021410017366e+01 4.206884762538377204e-02 -6.202650878079235541e-02
1.108982206717196917e+01 4.174289926048853350e-02 -6.189526882375800954e-02
1.115265392024376467e+01 4.142016224121616158e-02 -6.176335991921873270e-02
1.121548577331556018e+01 4.110060436749640722e-02 -6.163081454298231093e-02
1.127831762638735569e+01 4.078419360797768539e-02 -6.149766434141593074e-02
1.134114947945915297e+01 4.047089810718603603e-02 -6.136394014958113097e-02
1.140398133253095025e+01 4.016068619224794772e-02 -6.122967200905606033e-02
1.146681318560274576e+01 3.985352637919423180e-02 -6.109488918544604685e-02
1.152964503867454127e+01 3.954938737886144057e-02 -6.095962018558369333e-02
1.159247689174633678e+01 3.924823810240706673e-02 -6.082389277441988679e-02
1.165530874481813228e+01 3.895004766645385197e-02 -6.068773399160770632e-02
1.171814059788992779e+01 3.865478539787836620e-02 -6.055117016778090860e-02
1.178097245096172330e+01 3.836242083825835286e-02 -6.041422694052955150e-02
1.184380430403351880e+01 3.807292374799287060e-02 -6.027692927007490681e-02
1.190663615710531609e+01 3.778626411010883174e-02 -6.013930145464645161e-02
1.196946801017711159e+01 3.750241213376707267e-02 -6.000136714556368600e-02
1.203229986324890710e+01 3.722133825748057123e-02 -5.986314936202566384e-02
1.209513171632070438e+01 3.694301315205713448e-02 -5.972467050561137275e-02
1.215796356939249989e+01 3.666740772327829745e-02 -5.958595237449423876e-02
1.222079542246429540e+01 3.639449311432589595e-02 -5.944701617737394722e-02
1.228362727553609091e+01 3.612424070796722841e-02 -5.930788254712913293e-02
1.234645912860788641e+01 3.585662212850959651e-02 -5.916857155419444347e-02
1.240929098167968192e+01 3.559160924353422378e-02 -5.902910271966552852e-02
1.247212283475147920e+01 3.532917416541966199e-02 -5.888949502813572295e-02
1.253495468782327471e+01 3.506928925266406677e-02 -5.874976694026810831e-02
1.259778654089507022e+01 3.481192711101548098e-02 -5.860993640510672731e-02
1.266061839396686572e+01 3.455706059441911171e-02 -5.847002087213092059e-02
1.272345024703866123e+01 3.430466280578998994e-02 -5.833003730305645618e-02
1.278628210011045852e+01 3.405470709761926340e-02 -5.819000218338758051e-02
1.284911395318225402e+01 3.380716707242202579e-02 -5.804993153372376563e-02
1.291194580625404953e+01 3.356201658303416963e-02 -5.790984092082512857e-02
1.297477765932584504e+01 3.331922973276585376e-02 -5.776974546844056146e-02
1.303760951239764232e+01 3.307878087541820528e-02 -5.762965986790241635e-02
1.310044136546943783e+01 3.284064461517052086e-02 -5.748959838849181103e-02
1.316327321854123333e+01 3.260479580634398356e-02 -5.734957488757842781e-02
1.322610507161302884e+01 3.237120955304853553e-02 -5.720960282053880186e-02
1.328893692468482435e+01 3.213986120871874935e-02 -5.706969525045702679e-02
1.335176877775661985e+01 3.191072637554448477e-02 -5.692986485761173526e-02
1.341460063082841714e+01 3.168378090380196549e-02 -5.679012394875339320e-02
1.347743248390021265e+01 3.145900089109054248e-02 -5.665048446617556438e-02
1.354026433697200815e+01 3.123636268148028902e-02 -5.651095799658417684e-02
1.360309619004380544e+01 3.101584286457536102e-02 -5.637155577976849657e-02
1.366592804311560094e+01 3.079741827449791400e-02 -5.623228871707760396e-02
1.372875989618739645e+01 3.058106598879694812e-02 -5.609316737970619637e-02
1.379159174925919196e+01 3.036676332728659861e-02 -5.595420201679322803e-02
1.385442360233098746e+01 3.015448785081799310e-02 -5.581540256333732825e-02
1.391725545540278297e+01 2.994421735998860704e-02 -5.567677864793235676e-02
1.398008730847457848e+01 2.973592989379310672e-02 -5.553833960032685674e-02
1.404291916154637399e+01 2.952960372821919824e-02 -5.540009445881089595e-02
1.410575101461817127e+01 2.932521737479213200e-02 -5.526205197743374459e-02
1.416858286768996855e+01 2.912274957907119016e-02 -5.512422063305590092e-02
1.423141472076176406e+01 2.892217931910139039e-02 -5.498660863223886475e-02
1.429424657383355957e+01 2.872348580382350081e-02 -5.484922391797593388e-02
1.435707842690535507e+01 2.852664847144538440e-02 -5.471207417626743064e-02
1.441991027997715058e+01 2.833164698777744170e-02 -5.457516684254357792e-02
1.448274213304894609e+01 2.813846124453490277e-02 -5.443850910793818221e-02
1.454557398612074159e+01 2.794707135760959860e-02 -5.430210792541639853e-02
1.460840583919253710e+01 2.775745766531361250e-02 -5.416597001575950560e-02
1.467123769226433261e+01 2.756960072659725772e-02 -5.403010187340995252e-02
1.473406954533612812e+01 2.738348131924363271e-02 -5.389450977217952882e-02
1.479690139840792718e+01 2.719908043804188449e-02 -5.375919977082366935e-02
1.485973325147972268e+01 2.701637929294134835e-02 -5.362417771848483616e-02
1.492256510455151819e+01 2.683535930718837156e-02 -5.348944926000773203e-02
1.498539695762331370e+01 2.665600211544785769e-02 -5.335501984112925311e-02
1.504822881069510920e+01 2.647828956191129735e-02 -5.322089471354589374e-02
1.511106066376690471e+01 2.630220369839294040e-02 -5.308707893986127496e-02
1.517389251683870022e+01 2.612772678241576108e-02 -5.295357739841648897e-02
1.523672436991049572e+01 2.595484127528883619e-02 -5.282039478800588245e-02
1.529955622298229123e+01 2.578352984017755548e-02 -5.268753563248077670e-02
1.536238807605408674e+01 2.561377534016806221e-02 -5.255500428524365747e-02
1.542521992912588580e+01 2.544556083632731197e-02 -5.242280493363531829e-02
1.548805178219768131e+01 2.527886958576005400e-02 -5.229094160321736545e-02
1.555088363526947681e+01 2.511368503966376897e-02 -5.215941816195235337e-02
1.561371548834127232e+01 2.494999084138298934e-02 -5.202823832428403461e-02
1.567654734141306783e+01 2.478777082446385893e-02 -5.189740565511983400e-02
1.573937919448486333e+01 2.462700901071009085e-02 -5.176692357371789899e-02
1.580221104755665884e+01 2.446768960824126371e-02 -5.163679535748079419e-02
1.586504290062845435e+01 2.430979700955441733e-02 -5.150702414565806742e-02
1.592787475370024985e+01 2.415331578958977363e-02 -5.137761294295972725e-02
1.599070660677204536e+01 2.399823070380149859e-02 -5.124856462308272770e-02
1.605353845984384265e+01 2.384452668623420965e-02 -5.111988193215233345e-02
1.611637031291563815e+01 2.369218884760605076e-02 -5.099156749208058614e-02
1.617920216598743366e+01 2.354120247339895611e-02 -5.086362380384346765e-02
1.624203401905923272e+01 2.339155302195684155e-02 -5.073605325067891830e-02
1.630486587213102823e+01 2.324322612259232743e-02 -5.060885810120743789e-02
1.636769772520282373e+01 2.309620757370252700e-02 -5.048204051247699720e-02
1.643052957827461924e+01 2.295048334089450082e-02 -5.035560253293418914e-02
1.649336143134641475e+01 2.280603955512094591e-02 -5.022954610532318065e-02
1.655619328441821025e+01 2.266286251082647377e-02 -5.010387306951431807e-02
1.661902513749000576e+01 2.252093866410504949e-02 -4.997858516526382244e-02
1.668185699056180127e+01 2.238025463086897385e-02 -4.985368403490644806e-02
1.674468884363359678e+01 2.224079718502978628e-02 -4.972917122598240897e-02
1.680752069670539584e+01 2.210255325669148799e-02 -4.960504819380037039e-02
1.687035254977719134e+01 2.196550993035645619e-02 -4.948131630393784453e-02
1.693318440284898685e+01 2.182965444314422659e-02 -4.935797683468048230e-02
1.699601625592078236e+01 2.169497418302368530e-02 -4.923503097940182260e-02
1.705884810899257786e+01 2.156145668705867699e-02 -4.911247984888475471e-02
1.712167996206437337e+01 2.142908963966749444e-02 -4.899032447358619285e-02
1.718451181513616888e+01 2.129786087089632213e-02 -4.886856580584621190e-02
1.724734366820796438e+01 2.116775835470697739e-02 -4.874720472204307348e-02
1.731017552127975989e+01 2.103877020727899436e-02 -4.862624202469530837e-02
1.737300737435155540e+01 2.091088468532638703e-02 -4.850567844451219440e-02
1.743583922742335446e+01 2.078409018442910206e-02 -4.838551464239380928e-02
1.749867108049514997e+01 2.065837523737942827e-02 -4.826575121138196311e-02
1.756150293356694547e+01 2.053372851254333178e-02 -4.814638867856298882e-02
1.762433478663874098e+01 2.041013881223701157e-02 -4.802742750692371582e-02
1.768716663971053649e+01 2.028759507111862342e-02 -4.790886809716168870e-02
1.774999849278233199e+01 2.016608635459531812e-02 -4.779071078945071327e-02
1.781283034585412750e+01 2.004560185724566998e-02 -4.767295586516274303e-02
1.787566219892592301e+01 1.992613090125750636e-02 -4.755560354854732052e-02
1.793849405199771851e+01 1.980766293488122123e-02 -4.743865400836935753e-02
1.800132590506951402e+01 1.969018753089863544e-02 -4.732210735950647534e-02
1.806415775814130953e+01 1.957369438510730975e-02 -4.720596366450671710e-02
1.812698961121310859e+01 1.945817331482048440e-02 -4.709022293510763818e-02
1.818982146428490410e+01 1.934361425738254439e-02 -4.697488513371778085e-02
1.825265331735669960e+01 1.923000726869997581e-02 -4.685995017486121322e-02
1.831548517042849511e+01 1.911734252178795904e-02 -4.674541792658632594e-02
1.837831702350029062e+01 1.900561030533236620e-02 -4.663128821183948336e-02
1.844114887657208612e+01 1.889480102226732613e-02 -4.651756080980450070e-02
1.850398072964388163e+01 1.878490518836820056e-02 -4.640423545720879367e-02
1.856681258271567714e+01 1.867591343085992645e-02 -4.629131184959685980e-02
1.862964443578747264e+01 1.856781648704081480e-02 -4.617878964257209756e-02
1.869247628885926815e+01 1.846060520292153173e-02 -4.606666845300749769e-02
1.875530814193106366e+01 1.835427053187940749e-02 -4.595494786022614325e-02
1.881813999500286272e+01 1.824880353332786198e-02 -4.584362740715207385e-02
1.888097184807465823e+01 1.814419537140098473e-02 -4.573270660143246430e-02
1.894380370114645373e+01 1.804043731365307171e-02 -4.562218491653152047e-02
1.900663555421824924e+01 1.793752072977316050e-02 -4.551206179279699421e-02
1.906946740729004475e+01 1.783543709031441826e-02 -4.540233663849994189e-02
1.913229926036184025e+01 1.773417796543828168e-02 -4.529300883084825396e-02
1.919513111343363576e+01 1.763373502367327622e-02 -4.518407771697474651e-02
1.925796296650543127e+01 1.753410003068844869e-02 -4.507554261490033520e-02
1.932079481957722678e+01 1.743526484808123264e-02 -4.496740281447287463e-02
1.938362667264902228e+01 1.733722143217976061e-02 -4.485965757828239142e-02
1.944645852572082134e+01 1.723996183285938719e-02 -4.475230614255308603e-02
1.950929037879261685e+01 1.714347819237343334e-02 -4.464534771801281082e-02
1.957212223186441236e+01 1.704776274419796817e-02 -4.453878149074053799e-02
1.963495408493620786e+01 1.695280781189053079e-02 -4.443260662299227531e-02
1.969778593800800337e+01 1.685860580796271629e-02 -4.432682225400611659e-02
1.976061779107979888e+01 1.676514923276645891e-02 -4.422142750078669055e-02
1.982344964415159438e+01 1.667243067339393287e-02 -4.411642145886979227e-02
1.988628149722338989e+01 1.658044280259090425e-02 -4.401180320306738447e-02
1.994911335029518540e+01 1.648917837768350270e-02 -4.390757178819373191e-02
2.001194520336698091e+01 1.639863023951819432e-02 -4.380372624977287022e-02
2.007477705643877641e+01 1.630879131141487262e-02 -4.370026560472804050e-02
2.013760890951057547e+01 1.621965459813297372e-02 -4.359718885205342287e-02
2.020044076258237098e+01 1.613121318485046321e-02 -4.349449497346871002e-02
2.026327261565416649e+01 1.604346023615552813e-02 -4.339218293405677079e-02
2.032610446872596199e+01 1.595638899505095326e-02 -4.329025168288495179e-02
2.038893632179775750e+01 1.586999278197094923e-02 -4.318870015361041953e-02
2.045176817486955301e+01 1.578426499381037004e-02 -4.308752726506979297e-02
2.051460002794135207e+01 1.569919910296617080e-02 -4.298673192185361452e-02
2.057743188101314402e+01 1.561478865639100329e-02 -4.288631301486590941e-02
2.064026373408494308e+01 1.553102727465873953e-02 -4.278626942186922189e-02
2.070309558715673504e+01 1.544790865104196491e-02 -4.268660000801559329e-02
2.076592744022853410e+01 1.536542655060107489e-02 -4.258730362636357208e-02
2.082875929330032605e+01 1.528357480928511924e-02 -4.248837911838190817e-02
2.089159114637212511e+01 1.520234733304399663e-02 -4.238982531443996615e-02
2.095442299944391706e+01 1.512173809695213991e-02 -4.229164103428544041e-02
2.101725485251571612e+01 1.504174114434328295e-02 -4.219382508750939287e-02
2.108008670558750808e+01 1.496235058595649092e-02 -4.209637627399926557e-02
2.114291855865930714e+01 1.488356059909301532e-02 -4.199929338437981274e-02
2.120575041173110620e+01 1.480536542678412802e-02 -4.190257520044252809e-02
2.126858226480289815e+01 1.472775937696962217e-02 -4.180622049556366460e-02
2.133141411787469721e+01 1.465073682168688447e-02 -4.171022803511118676e-02
2.139424597094648917e+01 1.457429219627056141e-02 -4.161459657684098840e-02
2.145707782401828823e+01 1.449841999856244824e-02 -4.151932487128249388e-02
2.151990967709008018e+01 1.442311478813174640e-02 -4.142441166211410092e-02
2.158274153016187924e+01 1.434837118550529207e-02 -4.132985568652840225e-02
2.164557338323367119e+01 1.427418387140794859e-02 -4.123565567558788725e-02
2.170840523630547025e+01 1.420054758601268542e-02 -4.114181035457084579e-02
2.177123708937726576e+01 1.412745712820060416e-02 -4.104831844330816132e-02
2.183406894244906127e+01 1.405490735483043603e-02 -4.095517865651089606e-02
2.189690079552086033e+01 1.398289318001765327e-02 -4.086238970408905685e-02
2.195973264859265228e+01 1.391140957442297925e-02 -4.076995029146174288e-02
2.202256450166445134e+01 1.384045156455012207e-02 -4.067785911985880021e-02
2.208539635473624330e+01 1.377001423205277165e-02 -4.058611488661433009e-02
2.214822820780804236e+01 1.370009271305056182e-02 -4.049471628545205787e-02
2.221106006087983431e+01 1.363068219745407553e-02 -4.040366200676303449e-02
2.227389191395163337e+01 1.356177792829857225e-02 -4.031295073787548311e-02
2.233672376702342888e+01 1.349337520108654861e-02 -4.022258116331742239e-02
2.239955562009522438e+01 1.342546936313883388e-02 -4.013255196507183736e-02
2.246238747316702344e+01 1.335805581295421152e-02 -4.004286182282486978e-02
2.252521932623881540e+01 1.329112999957746295e-02 -3.995350941420706264e-02
2.258805117931061446e+01 1.322468742197563558e-02 -3.986449341502778382e-02
2.265088303238240641e+01 1.315872362842258891e-02 -3.977581249950323111e-02
2.271371488545420547e+01 1.309323421589149786e-02 -3.968746534047781771e-02
2.277654673852599743e+01 1.302821482945545895e-02 -3.959945060963947217e-02
2.283937859159779649e+01 1.296366116169584033e-02 -3.951176697772867258e-02
2.290221044466959199e+01 1.289956895211851785e-02 -3.942441311474166599e-02
2.296504229774138750e+01 1.283593398657768142e-02 -3.933738769012774805e-02
2.302787415081318301e+01 1.277275209670727593e-02 -3.925068937298097083e-02
2.309070600388497851e+01 1.271001915935987027e-02 -3.916431683222623000e-02
2.315353785695677757e+01 1.264773109605293010e-02 -3.907826873680005780e-02
2.321636971002856953e+01 1.258588387242235047e-02 -3.899254375582604515e-02
2.327920156310036859e+01 1.252447349768314247e-02 -3.890714055878521233e-02
2.334203341617216054e+01 1.246349602409728245e-02 -3.882205781568137670e-02
2.340486526924395960e+01 1.240294754644843435e-02 -3.873729419720150363e-02
2.346769712231575511e+01 1.234282420152370968e-02 -3.865284837487153319e-02
2.353052897538755062e+01 1.228312216760211496e-02 -3.856871902120732887e-02
2.359336082845934612e+01 1.222383766394978880e-02 -3.848490480986122703e-02
2.365619268153114163e+01 1.216496695032184827e-02 -3.840140441576416624e-02
2.371902453460293714e+01 1.210650632647076140e-02 -3.831821651526341049e-02
2.378185638767473264e+01 1.204845213166120220e-02 -3.823533978625619917e-02
2.384468824074653170e+01 1.199080074419124446e-02 -3.815277290831922685e-02
2.390752009381832366e+01 1.193354858091986645e-02 -3.807051456283412627e-02
2.397035194689012272e+01 1.187669209680061039e-02 -3.798856343310905853e-02
2.403318379996191823e+01 1.182022778442141757e-02 -3.790691820449655636e-02
2.409601565303371373e+01 1.176415217355044479e-02 -3.782557756450757869e-02
2.415884750610550924e+01 1.170846183068785344e-02 -3.774454020292199175e-02
2.422167935917730475e+01 1.165315335862347063e-02 -3.766380481189557372e-02
2.428451121224910025e+01 1.159822339600024947e-02 -3.758337008606348756e-02
2.434734306532089576e+01 1.154366861688342454e-02 -3.750323472264046470e-02
2.441017491839269127e+01 1.148948573033533108e-02 -3.742339742151774840e-02
2.447300677146448677e+01 1.143567147999575984e-02 -3.734385688535677567e-02
2.453583862453628583e+01 1.138222264366781783e-02 -3.726461181967982011e-02
2.459867047760808134e+01 1.132913603290920494e-02 -3.718566093295760239e-02
2.466150233067987685e+01 1.127640849262879011e-02 -3.710700293669386834e-02
2.472433418375167236e+01 1.122403690068852176e-02 -3.702863654550724720e-02
2.478716603682346786e+01 1.117201816751046094e-02 -3.695056047721014675e-02
2.484999788989526337e+01 1.112034923568899943e-02 -3.687277345288500485e-02
2.491282974296705888e+01 1.106902707960809133e-02 -3.679527419695785562e-02
2.497566159603885438e+01 1.101804870506350141e-02 -3.671806143726931426e-02
2.503849344911064989e+01 1.096741114888993840e-02 -3.664113390514296686e-02
2.510132530218244540e+01 1.091711147859308201e-02 -3.656449033545140087e-02
2.516415715525424446e+01 1.086714679198636131e-02 -3.648812946667970986e-02
2.522698900832603996e+01 1.081751421683247241e-02 -3.641205004098678477e-02
2.528982086139783547e+01 1.076821091048954168e-02 -3.633625080426416964e-02
2.535265271446963098e+01 1.071923405956188777e-02 -3.626073050619282867e-02
2.541548456754142649e+01 1.067058087955531642e-02 -3.618548790029767898e-02
2.547831642061322199e+01 1.062224861453687878e-02 -3.611052174400000009e-02
2.554114827368501750e+01 1.057423453679903931e-02 -3.603583079866781724e-02
2.560398012675681301e+01 1.052653594652819616e-02 -3.596141382966425853e-02
2.566681197982860851e+01 1.047915017147747416e-02 -3.588726960639396918e-02
2.572964383290040757e+01 1.043207456664376961e-02 -3.581339690234757595e-02
2.579247568597219953e+01 1.038530651394895497e-02 -3.573979449514440992e-02
2.585530753904399859e+01 1.033884342192518263e-02 -3.566646116657323090e-02
2.591813939211579410e+01 1.029268272540429657e-02 -3.559339570263141822e-02
2.598097124518758960e+01 1.024682188521118184e-02 -3.552059689356224653e-02
2.604380309825938511e+01 1.020125838786111773e-02 -3.544806353389061415e-02
2.610663495133118062e+01 1.015598974526099943e-02 -3.537579442245709915e-02
2.616946680440297612e+01 1.011101349441440034e-02 -3.530378836245040564e-02
2.623229865747477163e+01 1.006632719713043862e-02 -3.523204416143835976e-02
2.629513051054657069e+01 1.002192843973636303e-02 -3.516056063139725435e-02
2.635796236361836264e+01 9.977814832793852756e-03 -3.508933658873990280e-02
2.642079421669016170e+01 9.933984010818902935e-03 -3.501837085434209018e-02
2.648362606976195721e+01 9.890433632005360062e-03 -3.494766225356778916e-02
2.654645792283375272e+01 9.847161377951951095e-03 -3.487720961629293959e-02
2.660928977590554823e+01 9.804164953392811507e-03 -3.480701177692791665e-02
2.667212162897734373e+01 9.761442085931461982e-03 -3.473706757443877080e-02
2.673495348204913924e+01 9.718990525778174738e-03 -3.466737585236714242e-02
2.679778533512093475e+01 9.676808045490691360e-03 -3.459793545884905230e-02
2.686061718819273381e+01 9.634892439718233115e-03 -3.452874524663242933e-02
2.692344904126452576e+01 9.593241524948796853e-03 -3.445980407309355564e-02
2.698628089433632482e+01 9.551853139259611561e-03 -3.439111080025232525e-02
2.704911274740811677e+01 9.510725142070833651e-03 -3.432266429478651043e-02
2.711194460047991583e+01 9.469855413902304037e-03 -3.425446342804486927e-02
2.717477645355171134e+01 9.429241856133434643e-03 -3.418650707605928180e-02
2.723760830662350685e+01 9.388882390766109878e-03 -3.411879411955588692e-02
2.730044015969530236e+01 9.348774960190601307e-03 -3.405132344396520627e-02
2.736327201276709786e+01 9.308917526954438304e-03 -3.398409393943135209e-02
2.742610386583889692e+01 9.269308073534194767e-03 -3.391710450082032619e-02
2.748893571891068888e+01 9.229944602110172827e-03 -3.385035402772738899e-02
2.755176757198248794e+01 9.190825134343888134e-03 -3.378384142448355443e-02
2.761459942505427989e+01 9.151947711158408758e-03 -3.371756560016130749e-02
2.767743127812607895e+01 9.113310392521407205e-03 -3.365152546857939214e-02
2.774026313119787090e+01 9.074911257230994927e-03 -3.358571994830689827e-02
2.780309498426966996e+01 9.036748402704169320e-03 -3.352014796266649527e-02
2.786592683734146547e+01 8.998819944768006798e-03 -3.345480843973699936e-02
2.792875869041326098e+01 8.961124017453392029e-03 -3.338970031235506675e-02
2.799159054348506004e+01 8.923658772791371804e-03 -3.332482251811635238e-02
2.805442239655685199e+01 8.886422380612058955e-03 -3.326017399937582220e-02
2.811725424962865105e+01 8.849413028346006516e-03 -3.319575370324747560e-02
2.818008610270044301e+01 8.812628920828118051e-03 -3.313156058160338785e-02
2.824291795577224207e+01 8.776068280103951902e-03 -3.306759359107214191e-02
2.830574980884403402e+01 8.739729345238476596e-03 -3.300385169303660798e-02
2.836858166191583308e+01 8.703610372127168135e-03 -3.294033385363114713e-02
2.843141351498762504e+01 8.667709633309499465e-03 -3.287703904373825980e-02
2.849424536805942410e+01 8.632025417784692026e-03 -3.281396623898460985e-02
2.855707722113122315e+01 8.596556030829800507e-03 -3.275111441973656973e-02
2.861990907420301511e+01 8.561299793820030188e-03 -3.268848257109519678e-02
2.868274092727481417e+01 8.526255044051252174e-03 -3.262606968289068210e-02
2.874557278034660612e+01 8.491420134564778982e-03 -3.256387474967636919e-02
2.880840463341840518e+01 8.456793433974220051e-03 -3.250189677072219674e-02
2.887123648649019714e+01 8.422373326294552501e-03 -3.244013475000779440e-02
2.893406833956199620e+01 8.388158210773226722e-03 -3.237858769621495408e-02
2.899690019263378815e+01 8.354146501723414345e-03 -3.231725462271986538e-02
2.905973204570558721e+01 8.320336628359245937e-03 -3.225613454758474719e-02
2.912256389877737917e+01 8.286727034633130373e-03 -3.219522649354920191e-02
2.918539575184917823e+01 8.253316179075010153e-03 -3.213452948802104220e-02
2.924822760492097729e+01 8.220102534633649816e-03 -3.207404256306689572e-02
2.931105945799276924e+01 8.187084588519801323e-03 -3.201376475540226169e-02
2.937389131106456830e+01 8.154260842051333155e-03 -3.195369510638131072e-02
2.943672316413636025e+01 8.121629810500243310e-03 -3.189383266198634465e-02
2.949955501720815931e+01 8.089190022941505909e-03 -3.183417647281684693e-02
2.956238687027995127e+01 8.056940022103815588e-03 -3.177472559407826941e-02
2.962521872335175033e+01 8.024878364222080493e-03 -3.171547908557045825e-02
2.968805057642354228e+01 7.993003618891781833e-03 -3.165643601167583004e-02
2.975088242949534134e+01 7.961314368925024795e-03 -3.159759544134719406e-02
2.981371428256713330e+01 7.929809210208409176e-03 -3.153895644809532467e-02
2.987654613563893236e+01 7.898486751562556682e-03 -3.148051810997624239e-02
2.993937798871073142e+01 7.867345614603390297e-03 -3.142227950957828669e-02
3.000220984178252337e+01 7.836384433605052963e-03 -3.136423973400882109e-02
3.006504169485432243e+01 7.805601855364495932e-03 -3.130639787488079251e-02
3.012787354792611438e+01 7.774996539067711640e-03 -3.124875302829904430e-02
3.019070540099791344e+01 7.744567156157541703e-03 -3.119130429484632747e-02
3.025353725406970540e+01 7.714312390203126833e-03 -3.113405077956918690e-02
3.031636910714150446e+01 7.684230936770865966e-03 -3.107699159196356323e-02
3.037920096021329641e+01 7.654321503296983471e-03 -3.102012584596024886e-02
3.044203281328509547e+01 7.624582808961567412e-03 -3.096345265991008386e-02
3.050486466635689453e+01 7.595013584564164720e-03 -3.090697115656904428e-02
3.056769651942868649e+01 7.565612572400837871e-03 -3.085068046308309109e-02
3.063052837250048555e+01 7.536378526142676129e-03 -3.079457971097284558e-02
3.069336022557227750e+01 7.507310210715806460e-03 -3.073866803611815732e-02
3.075619207864407656e+01 7.478406402182768802e-03 -3.068294457874243264e-02
3.081902393171586851e+01 7.449665887625366717e-03 -3.062740848339690417e-02
3.088185578478766757e+01 7.421087465028856391e-03 -3.057205889894464707e-02
3.094468763785945953e+01 7.392669943167552021e-03 -3.051689497854457797e-02
3.100751949093125859e+01 7.364412141491754812e-03 -3.046191587963519715e-02
3.107035134400305054e+01 7.336312890016057596e-03 -3.040712076391832719e-02
3.113318319707484960e+01 7.308371029208923612e-03 -3.035250879734261928e-02
3.119601505014664866e+01 7.280585409883620976e-03 -3.029807915008703167e-02
3.125884690321844062e+01 7.252954893090413947e-03 -3.024383099654416596e-02
3.132167875629023968e+01 7.225478350010010146e-03 -3.018976351530345756e-02
3.138451060936203163e+01 7.198154661848320084e-03 -3.013587588913438364e-02
